test_SED.txt
# %ECSV 0.9
# ---
# datatype:
# - {name: nu, unit: Hz, datatype: float64}
# - {name: Sum, unit: erg / s, datatype: float64}
# - {name: Sync, unit: erg / s, datatype: float64}
# - {name: SSC, unit: erg / s, datatype: float64}
# meta: {redshift: 0.1, restframe: src, src_name: jet_leptonic}
# schema: astropy-2.0
nu Sum Sync SSC
[from data line 187]
1084877397435564.1 9.933813898658145e+41 9.933575630303994e+41 2.381923176429183e+37
1211928095167226.2 1.0269943062200285e+42 1.0269665700434828e+42 2.7726938785471454e+37
1353857782757329.8 1.0593602213811364e+42 1.0593279349676162e+42 3.2275731728921457e+37
1512408948387062.8 1.0927092540546688e+42 1.0926716709782068e+42 3.7570785101712976e+37
1689528144161985.2 1.1271081996840918e+42 1.1270649448084272e+42 4.324483327486088e+37
1887389884171007.2 1.1600985286422602e+42 1.1600491007673217e+42 4.94157482811852e+37
2108423341262494.5 1.192410270827004e+42 1.1923537899066249e+42 5.646723534968406e+37
2355342170297305.0 1.2256226304415228e+42 1.225558090053511e+42 6.45249496151141e+37
2631177824022261.5 1.2597608031846579e+42 1.2596870532975226e+42 7.373247684342861e+37
2939316770587382.0 1.2908184270601665e+42 1.2907350383419985e+42 8.33728824807572e+37
3283542069630602.5 1.3220876604510065e+42 1.3219936843862321e+42 9.395846506230697e+37
3668079817365006.5 1.3541152508530819e+42 1.354009343235955e+42 1.0588806449030252e+38
4097651030880231.0 1.385919758237313e+42 1.3858004033705575e+42 1.1933232619399486e+38
4577529608648387.0 1.414719713467492e+42 1.414585214511492e+42 1.3447314362566224e+38
5113607078822283.0 1.4438649944006633e+42 1.443715145762415e+42 1.4982697369063393e+38
5712464930249223.0 1.4736116888079715e+42 1.4734449368775368e+42 1.667282045678815e+38
6381455414216716.0 1.5016830742995756e+42 1.5014975101715498e+42 1.8553597869384903e+38
7128791808943154.0 1.527161187352222e+42 1.5269546911905367e+42 2.064653636683825e+38
7963649255001965.0 1.55307298743602e+42 1.552843486688431e+42 2.2946933413483117e+38
8896277399647486.0 1.5794241539782204e+42 1.579171214484846e+42 2.529108717220263e+38
9938126232991588.0 1.6022224691914575e+42 1.601943867316655e+42 2.7856811308587393e+38
1.1101986660936268e+16 1.62360917571192e+42 1.6233023110051927e+42 3.0682822410858565e+38
1.240214754069447e+16 1.6452835178306718e+42 1.6449455231716426e+42 3.379552600860976e+38
1.3854571106841978e+16 1.6669924811176132e+42 1.6666207749421483e+42 3.716670008376991e+38
1.5477088941629552e+16 1.6836181836699307e+42 1.6832112742988616e+42 4.0686680569907706e+38
1.7289620895504774e+16 1.6999788285165986e+42 1.6995334769600113e+42 4.4530597060222265e+38
1.93144196455591e+16 1.7165013825192142e+42 1.716013957018533e+42 4.873767156140253e+38
2.1576343894373636e+16 1.7315028420548122e+42 1.7309693647802245e+42 5.334221380447234e+38
2.410316356335967e+16 1.742228272503781e+42 1.741645474768869e+42 5.8274304017582835e+38
2.6925900727488844e+16 1.7528576280890716e+42 1.7522229158240427e+42 6.346551771561903e+38
3.007921047711357e+16 1.7635558150662873e+42 1.7628645962786142e+42 6.91158202055295e+38
3.3601806382759788e+16 1.77101805258078e+42 1.7702652907313943e+42 7.52691662279999e+38
3.7536935786381864e+16 1.7754222905127237e+42 1.7746025127599037e+42 8.197034149071812e+38
4.193291075428277e+16 1.779841125250008e+42 1.778950361158955e+42 8.906936428004322e+38
4.6843701210277464e+16 1.7842746968732772e+42 1.783308861963575e+42 9.657607887210472e+38
5.232959753106658e+16 1.7836143078684076e+42 1.7825670681068418e+42 1.047154550355408e+39
5.8457950738585304e+16 1.7816029719188423e+42 1.7804674743677037e+42 1.1354081312227971e+39
6.530399937676039e+16 1.779601547005179e+42 1.7783703536316638e+42 1.2310996729272894e+39
7.295179322433928e+16 1.77696267080543e+42 1.7756305207856728e+42 1.332057732990024e+39
8.149522518433558e+16 1.7688146920537867e+42 1.7673748498009595e+42 1.439739308465738e+39
9.103918401871008e+16 1.7604714023622012e+42 1.7589151696752723e+42 1.5561257031168713e+39
1.0170084208056938e+17 1.7521780140415488e+42 1.750495982480562e+42 1.6819206016410602e+39
1.1361109385351304e+17 1.7417432822241568e+42 1.7399252750904236e+42 1.8178845735653207e+39
1.269161629592623e+17 1.727315326192569e+42 1.7253537931157027e+42 1.9614104359166348e+39
1.417793973629975e+17 1.712956734279312e+42 1.7108412041773374e+42 2.115404096052749e+39
1.5838327481636106e+17 1.6987323031336013e+42 1.6964506859925382e+42 2.2814880596398625e+39
1.769316431591891e+17 1.6809277658895794e+42 1.678467010950355e+42 2.4606115569085784e+39
1.9765222298445034e+17 1.6609580675395113e+42 1.658304123340915e+42 2.6537983437651384e+39
2.2079940339188346e+17 1.6412390223125076e+42 1.638383446054399e+42 2.85543691329658e+39
2.466573651541835e+17 1.6217743119029025e+42 1.6187020694956444e+42 3.072102271436803e+39
2.755435696391953e+17 1.597419812974888e+42 1.5941144528067866e+42 3.3052078027776425e+39
3.0781265632206214e+17 1.572767869958287e+42 1.5692117175979868e+42 3.556000957752261e+39
3.43860796737556e+17 1.5485230595560985e+42 1.5446980047832805e+42 3.82490717337951e+39
3.841305583265975e+17 1.523754604941916e+42 1.5196469877253418e+42 4.1074736774768814e+39
4.291163378910093e+17 1.4949142325764e+42 1.4905033005183842e+42 4.410786030264022e+39
4.793704313636723e+17 1.4665883996121786e+42 1.461851764544515e+42 4.7364961853445146e+39
5.355098144134535e+17 1.4388373770042773e+42 1.4337509891851037e+42 5.086258086393789e+39
5.982237171311295e+17 1.4094555217807588e+42 1.403993812578437e+42 5.461582717532597e+39
6.682820857917684e+17 1.3778405403478931e+42 1.3719766027688695e+42 5.863825176577277e+39
7.465450355795617e+17 1.3469785209480002e+42 1.3406827399134894e+42 6.295686838719716e+39
8.339734103274296e+17 1.3168620959415259e+42 1.3101026690064761e+42 6.759354444868396e+39
9.316405789145997e+17 1.2841846341570856e+42 1.2769274131312858e+42 7.257170453645589e+39
1.0407456131479858e+18 1.2509929713247844e+42 1.243205817505768e+42 7.787136095973743e+39
1.162628008913786e+18 1.2187236719237871e+42 1.2103747548892773e+42 8.348897534238185e+39
1.298784131332816e+18 1.1873498176766173e+42 1.178398568614148e+42 8.951182083616585e+39
1.4508855858185423e+18 1.1528055992949152e+42 1.1432085645455507e+42 9.596915085551946e+39
1.6207997405818214e+18 1.1192274077424646e+42 1.1089380147581364e+42 1.0289215071633548e+40
1.8106126525394048e+18 1.0867139925807966e+42 1.0756948108279397e+42 1.1018946846023433e+40
2.0226546780905556e+18 1.0542994182361513e+42 1.042509126912515e+42 1.1789962049444296e+40
2.2595290831883617e+18 1.0201350489740426e+42 1.0075197083259398e+42 1.2614926550580492e+40
2.5241440039551145e+18 9.872027526636164e+41 9.737046290150815e+41 1.3497615277230007e+40
2.819748150226167e+18 9.554669941594174e+41 9.410244749859324e+41 1.444191382920783e+40
3.149970690358921e+18 9.231462466200404e+41 9.077105335853383e+41 1.5434954855412229e+40
3.518865806978006e+18 8.905008693918552e+41 8.740114835277708e+41 1.6488496207109965e+40
3.9309624706723753e+18 8.59178504920315e+41 8.415635217111765e+41 1.761394896963672e+40
4.391320042722859e+18 8.290982190407343e+41 8.102807590178673e+41 1.8816221589157722e+40
4.905590389500996e+18 7.980635656913433e+41 7.779622586763992e+41 2.0099874732101691e+40
5.48008727112566e+18 7.677507498004926e+41 7.463112967953515e+41 2.1437843123954479e+40
6.121863856270379e+18 7.388080723026912e+41 7.159480366978008e+41 2.2858214570818537e+40
6.838799314780217e+18 7.110392697149993e+41 6.866643780019819e+41 2.4372693201665687e+40
7.639695551206058e+18 6.8227248272789785e+41 6.5628250344051236e+41 2.5987514119360493e+40
8.534385266866664e+18 6.549547227096314e+41 6.2724489302239774e+41 2.7707181050046374e+40
9.533852677128186e+18 6.289745334842703e+41 5.994920689796252e+41 2.947952767916653e+40
1.0650368365963805e+19 6.036271127788533e+41 5.722599099236935e+41 3.136372061895709e+40
1.1897639933417806e+19 5.782906207992594e+41 5.44918434549632e+41 3.33683423211412e+40
1.3290980285492509e+19 5.5438860322334895e+41 5.188832821639003e+41 3.550109002654088e+40
1.48474956325733e+19 5.318435605459769e+41 4.940819206982243e+41 3.775713693866492e+40
1.6586295504471595e+19 5.09511604456584e+41 4.694206266908212e+41 4.0085754746958934e+40
1.852872736046547e+19 4.878888902124098e+41 4.4532521317947666e+41 4.2557986752111124e+40
2.0698638674676072e+19 4.6765549343120196e+41 4.224666199509909e+41 4.518269015579081e+40
2.3122669714431836e+19 4.4870466102593824e+41 4.007283999355102e+41 4.796926841500364e+40
2.5830580606097097e+19 4.2987375327907475e+41 3.7897013183853425e+41 5.089615637191459e+40
2.8855616703794364e+19 4.121211086150283e+41 3.581845976135539e+41 5.392847974145282e+40
3.2234916746693526e+19 3.9568917838263585e+41 3.38539096327111e+41 5.714146478906075e+40
3.6009968815867576e+19 3.803457420145079e+41 3.197900306964379e+41 6.054587509036848e+40
4.022711968855218e+19 3.652859679239913e+41 3.011223640955759e+41 6.415311550011735e+40
4.493814384321422e+19 3.514675119709808e+41 2.8354441807031157e+41 6.791232751261545e+40
5.020087910117229e+19 3.388189124119957e+41 2.6699258044252492e+41 7.181493940837587e+40
5.607993670862496e+19 3.2696339565386216e+41 2.510087764948509e+41 7.594181662041696e+40
6.264749457684127e+19 3.1579356283515447e+41 2.354742688763771e+41 8.030584665419049e+40
6.998418341923245e+19 3.0583518672102792e+41 2.209011655972976e+41 8.491997160708179e+40
7.818007666450753e+19 2.9695375160050623e+41 2.0721581254511347e+41 8.972339550837463e+40
8.733579629920485e+19 2.8866244569465755e+41 1.939000835215082e+41 9.47465479075251e+40
9.756374821616135e+19 2.8128956281735178e+41 1.812223110770814e+41 1.0005092082761243e+41
1.0898950223544556e+20 2.7504250419155973e+41 1.693734496430756e+41 1.0565225836220813e+41
1.2175333374043534e+20 2.6984172916529974e+41 1.5826043189483346e+41 1.1156338671404465e+41
1.3601194585590838e+20 2.6514150403521526e+41 1.4741072382656204e+41 1.1771250321126939e+41
1.5194039331152167e+20 2.614373488909676e+41 1.3725521290231864e+41 1.2416361868272627e+41
1.6973423161019246e+20 2.5878630138413766e+41 1.277993417292093e+41 1.3096828105608913e+41
1.8961191788699822e+20 2.5705330193131176e+41 1.1888754753429196e+41 1.3814586611410552e+41
2.1181749293421144e+20 2.5600607693573404e+41 1.1028463152759571e+41 1.4570193243152849e+41
2.3662357732003745e+20 2.5578981004345796e+41 1.0230423794106226e+41 1.534663838686874e+41
2.6433471838476504e+20 2.5652528396016077e+41 9.490131993670047e+40 1.6160499736821533e+41
2.952911292058162e+20 2.580584545672343e+41 8.786346797034592e+40 1.7017521698254798e+41
3.298728654354127e+20 2.604179732565957e+41 8.119871020925347e+40 1.7919993160281428e+41
3.6850449129044646e+20 2.6372407529134485e+41 7.503949812078322e+40 1.8866628350933133e+41
4.116602919794192e+20 2.6763751988361954e+41 6.933749960028148e+40 1.9828195463360824e+41
4.598700965601338e+20 2.7229086036737285e+41 6.389832216469895e+40 2.0837446901173323e+41
5.137257827160064e+20 2.7782837033216233e+41 5.883032857758742e+40 2.1898069048267303e+41
5.7388854331097665e+20 2.8430766984935204e+41 5.416429482492663e+40 2.3012676664130242e+41
6.410970039353898e+20 2.9161091854913964e+41 4.984915282887501e+40 2.4174555437644408e+41
7.161762911029616e+20 2.9933554431382363e+41 4.573035420583015e+40 2.535897174054649e+41
8.0004816243016e+20 3.0797395869335222e+41 4.1945145120909814e+40 2.660141773430261e+41
8.937423231675508e+20 3.1753442416174002e+41 3.847324670382439e+40 2.7904736545111184e+41
9.984090680173933e+20 3.279772669647214e+41 3.524443111340333e+40 2.9271910596252077e+41
1.1153334034428232e+21 3.390727262180378e+41 3.2205189135743567e+40 3.0685501675353934e+41
1.2459508238497693e+21 3.507400962096622e+41 2.942803088328431e+40 3.2130036335265766e+41
1.3918649353278346e+21 3.633270064285526e+41 2.6890356023600385e+40 3.3642573154821832e+41
1.5548671433189291e+21 3.767895235908667e+41 2.451567300132104e+40 3.522631336819422e+41
1.736958645921583e+21 3.9117352556199126e+41 2.2317501022735224e+40 3.688460890918394e+41
1.9403750028454498e+21 4.061724152650637e+41 2.0316425817596153e+40 3.858470273105471e+41
2.167613581651976e+21 4.217750650350286e+41 1.8490136666905187e+40 4.032764225459539e+41
2.4214642182423456e+21 4.3828138327017105e+41 1.6780191765355827e+40 4.214931345073445e+41
2.7050434680148564e+21 4.557575813013772e+41 1.5217444912474713e+40 4.405327276889871e+41
3.0218328681978963e+21 4.74234285766516e+41 1.3800237381213984e+40 4.604272491579603e+41
3.3757216811094036e+21 4.931939325768754e+41 1.2507859871147837e+40 4.806796431959182e+41
3.7710546431073567e+21 5.128353827016024e+41 1.1299850336497986e+40 5.0152965628608105e+41
4.212685305450888e+21 5.3349793901401855e+41 1.0208510404069344e+40 5.232840618380684e+41
4.706035621944384e+21 5.552095596981329e+41 9.222572119684227e+39 5.459820888788172e+41
5.257162514929155e+21 5.779401569009403e+41 8.318070400895543e+39 5.696174141309034e+41
5.872832236862123e+21 6.010581591539478e+41 7.485327499269378e+39 5.935686516038465e+41
6.560603440426732e+21 6.250273842371889e+41 6.735952579252788e+39 6.182876366576129e+41
7.328919977039279e+21 6.501008143504931e+41 6.061320671152393e+39 6.4403603628783525e+41
8.187214563048134e+21 6.7629927051024165e+41 5.439258974519755e+39 6.708567201498783e+41
9.146024586349253e+21 7.035792600116956e+41 4.8747308480204967e+39 6.987015885233398e+41
1.0217121475189707e+22 7.31323909904431e+41 4.3687937919412135e+39 7.269524797480286e+41
1.1413655217436052e+22 7.601280897725024e+41 3.9135907200245374e+39 7.562120335125036e+41
1.2750315804587744e+22 7.9014522095935e+41 3.4936792930370546e+39 7.866492729034043e+41
1.4243513582604926e+22 8.214305917917297e+41 3.116955145399937e+39 8.183115993078454e+41
1.5911580723738055e+22 8.538880300029782e+41 2.7808532391046983e+39 8.511053706894877e+41
1.7774996292855149e+22 8.869099982345082e+41 2.477676996404591e+39 8.844305853344965e+41
1.985663767143221e+22 9.21224082168927e+41 2.19824793034591e+39 9.190242851746017e+41
2.218206142597219e+22 9.56922800715604e+41 1.9503324970455475e+39 9.549710861946917e+41
2.477981706910571e+22 9.94055523083794e+41 1.7303766315537187e+39 9.923239137196513e+41
2.7681797565459395e+22 1.0322061392475492e+42 1.529139961925647e+39 1.0306758188646216e+42
3.092363088549314e+22 1.0705468657914761e+42 1.346221389502358e+39 1.0691996000182381e+42
3.454511741446424e+22 1.1103494001548181e+42 1.185183877655917e+39 1.109163292429316e+42
3.85907185866376e+22 1.1516644974884938e+42 1.0429410581490903e+39 1.1506207159557907e+42
4.311010274376761e+22 1.1945382175284931e+42 9.096880735212716e+38 1.1936277020914823e+42
4.8158754919419935e+22 1.2378920060826756e+42 7.909987347941748e+38 1.237100302756412e+42
5.379865803553549e+22 1.2811998141389556e+42 6.87795098845335e+38 1.280511403870745e+42
6.0099053874363515e+22 1.3260427319117251e+42 5.962541294089037e+38 1.3254458444392515e+42
6.713729316831457e+22 1.3724661340819781e+42 5.084777943194937e+38 1.3719570799844382e+42
7.499978524438943e+22 1.4205337857430676e+42 4.328515294351254e+38 1.4201004418371727e+42
8.378305888208182e+22 1.4673373329912315e+42 3.684732128471355e+38 1.4669684542718333e+42
9.359494740904622e+22 1.5133730828139295e+42 3.098612133404041e+38 1.513062735697692e+42
1.0455591258408421e+23 1.5608599810308162e+42 2.5421464459812396e+38 1.5606053664550988e+42
1.1680052352093255e+23 1.609850746297706e+42 2.0856139053826743e+38 1.6096418557855962e+42
1.3047910880977271e+23 1.660382249730523e+42 1.7110679713995433e+38 1.6602108721794465e+42
1.4575960211977464e+23 1.7103921523330763e+42 1.3516295558302506e+38 1.7102566457210265e+42
1.6282960394134544e+23 1.761049436800935e+42 1.0414676094498618e+38 1.760945024518297e+42
1.8189868478036042e+23 1.8132161523875407e+42 8.024793308599444e+37 1.8131356993315047e+42
2.0320095808095997e+23 1.8669347882705206e+42 6.139916769367197e+37 1.8668731950275516e+42
2.2699795446502424e+23 1.9218498195361333e+42 4.35401257265374e+37 1.9218060754924904e+42
2.5358183257568716e+23 1.973754597538718e+42 3.0270948005235333e+37 1.9737241861031412e+42
2.8327896594483305e+23 2.0258058596289248e+42 2.1045651059687724e+37 2.0257847160917896e+42
3.164539499209657e+23 2.0792327388724818e+42 1.418165571255289e+37 2.0792184363173343e+42
3.535140778510303e+23 2.134070079266549e+42 8.432925768127783e+36 2.1340615671453292e+42
