test_SED.txt
# %ECSV 0.9
# ---
# datatype:
# - {name: nu, unit: Hz, datatype: float64}
# - {name: Sum, unit: erg / s, datatype: float64}
# - {name: Sync, unit: erg / s, datatype: float64}
# - {name: SSC, unit: erg / s, datatype: float64}
# meta: {redshift: 0.1, restframe: src, src_name: jet_leptonic}
# schema: astropy-2.0
nu Sum Sync SSC
[from data line 366]
4.4116301689410276e+23 2.2387427144821487e+42 2.940560387746527e+36 2.2387397466088184e+42
4.928279047812449e+23 2.28838136700161e+42 1.5605355928408748e+36 2.288379775453164e+42
5.505433012971049e+23 2.3391212121092175e+42 7.1517953343421e+35 2.3391204826891808e+42
6.15017785443081e+23 2.3909866081798062e+42 3.2776039674433074e+35 2.3909862738812913e+42
6.870429183683552e+23 2.441596541078003e+42 1.5020966435959029e+35 2.4415963878974666e+42
7.675029614632108e+23 2.4843019450093922e+42 5.266247899516459e+34 2.4843018900479416e+42
8.573857325445448e+23 2.527310573123111e+42 1.640568082346207e+34 2.5273105559998588e+42
9.577947334163895e+23 2.5710638007839437e+42 5.1107803585551216e+33 2.571063795449224e+42
1.0699626976968753e+24 2.6155745001745994e+42 1.4962383339359515e+33 2.6155744985817686e+42
1.1952667252400603e+24 2.655988018455095e+42 2.8454204904641967e+32 2.6559880181428655e+42
1.335245188959692e+24 2.6865558916545597e+42 4.98838584192471e+31 2.6865558915998146e+42
1.4916166216221953e+24 2.7174755719575497e+42 8.745278032300799e+30 2.717475571947957e+42
1.6663008144841756e+24 2.7487511081485082e+42 1.2393165518273312e+30 2.7487511081470016e+42
1.8614423868051468e+24 2.7803865957564447e+42 9.275430644142102e+28 2.7803865957563308e+42
2.0794371156011458e+24 2.803035124118041e+42 6.890621198851584e+27 2.803035124118041e+42
2.3229613488930667e+24 2.815291808296947e+42 5.1189710028233856e+26 2.815291808296947e+42
2.595004863559492e+24 2.82760208663376e+42 1.943184085791024e+25 2.82760208663376e+42
2.898907571194144e+24 2.839966193476823e+42 3.887336474617176e+23 2.839966193476823e+42
3.238400522610044e+24 2.852384364199246e+42 7.776610037819351e+21 2.852384364199246e+42
3.6176517144080614e+24 2.8504281312255946e+42 1.5346899117448184e+20 2.8504281312255946e+42
4.041317259982274e+24 2.8396983887505465e+42 6.353377102662644e+17 2.8396983887505465e+42
4.514598553195162e+24 2.829009035777817e+42 1676374890225846.0 2.829009035777817e+42
5.043306126528017e+24 2.81835992027095e+42 4423211037482.233 2.81835992027095e+42
5.633930987700666e+24 2.807750890765792e+42 4.510186529812128e-32 2.807750890765792e+42
6.293724310569564e+24 2.7723792980041158e+42 2.7011840560827467e-65 2.7723792980041158e+42
7.030786458678377e+24 2.7302225255256706e+42 2.7011840560827467e-65 2.7302225255256706e+42
7.85416643441476e+24 2.6887067885170288e+42 2.7011840560827467e-65 2.6887067885170288e+42
8.77397297472221e+24 2.6478223393991304e+42 2.7011840560827467e-65 2.6478223393991304e+42
9.801498657303655e+24 2.6056873947659826e+42 2.7011840560827467e-65 2.6056873947659826e+42
1.0949358540982625e+25 2.545667541834181e+42 2.7011840560827467e-65 2.545667541834181e+42
1.2231645042327727e+25 2.48339968692385e+42 2.7011840560827467e-65 2.48339968692385e+42
1.3664100949978807e+25 2.422654923969339e+42 2.7011840560827467e-65 2.422654923969339e+42
1.526431270079438e+25 2.3633959976466854e+42 2.7011840560827467e-65 2.3633959976466854e+42
1.7051926290693424e+25 2.300420957506483e+42 2.7011840560827467e-65 2.300420957506483e+42
1.904888847095696e+25 2.2162222878706603e+42 2.7011840560827467e-65 2.2162222878706603e+42
2.1279716191184534e+25 2.1324264776307132e+42 2.7011840560827467e-65 2.1324264776307132e+42
2.3771797596892143e+25 2.051799003821719e+42 2.7011840560827467e-65 2.051799003821719e+42
2.6555728277133147e+25 1.9742200710062978e+42 2.7011840560827467e-65 1.9742200710062978e+42
2.96656868902975e+25 1.892514110988085e+42 2.7011840560827467e-65 1.892514110988085e+42
3.3139854779692875e+25 1.7954399622596218e+42 2.7011840560827467e-65 1.7954399622596218e+42
3.702088473057804e+25 1.7025215623374125e+42 2.7011840560827467e-65 1.7025215623374125e+42
4.135642462364006e+25 1.6144119163839104e+42 2.7011840560827467e-65 1.6144119163839104e+42
4.6199702413868185e+25 1.5308621596452057e+42 2.7011840560827467e-65 1.5308621596452057e+42
5.16101796166859e+25 1.4438836330289262e+42 2.7011840560827467e-65 1.4438836330289262e+42
5.765428132426668e+25 1.3496069224108434e+42 2.7011840560827467e-65 1.3496069224108434e+42
6.440621171453956e+25 1.2614859004934634e+42 2.7011840560827467e-65 1.2614859004934634e+42
7.194886506498057e+25 1.1791186387078791e+42 2.7011840560827467e-65 1.1791186387078791e+42
8.037484345582475e+25 1.1021294519458806e+42 2.7011840560827467e-65 1.1021294519458806e+42
8.978759365715962e+25 1.0211027101439967e+42 2.7011840560827467e-65 1.0211027101439967e+42
1.0030267715761219e+26 9.38426380671532e+41 2.7011840560827467e-65 9.38426380671532e+41
1.1204918892691529e+26 8.62444162758199e+41 2.7011840560827467e-65 8.62444162758199e+41
1.2517134233068506e+26 7.926140496427918e+41 2.7011840560827467e-65 7.926140496427918e+41
1.3983023965559333e+26 7.284379196004634e+41 2.7011840560827467e-65 7.284379196004634e+41
1.56205849981905e+26 6.6165083511092616e+41 2.7011840560827467e-65 6.6165083511092616e+41
1.744992186859445e+26 5.975705059522016e+41 2.7011840560827467e-65 5.975705059522016e+41
1.9493493569883867e+26 5.396963029965855e+41 2.7011840560827467e-65 5.396963029965855e+41
2.1776389282464706e+26 4.87427168119772e+41 2.7011840560827467e-65 4.87427168119772e+41
2.432663639698038e+26 4.402202551733332e+41 2.7011840560827467e-65 4.402202551733332e+41
2.7175544610025026e+26 3.9165187004513745e+41 2.7011840560827467e-65 3.9165187004513745e+41
3.0358090317127865e+26 3.4731890946986823e+41 2.7011840560827467e-65 3.4731890946986823e+41
3.391334602225112e+26 3.0800421012016238e+41 2.7011840560827467e-65 3.0800421012016238e+41
3.788496003571206e+26 2.7313973085008923e+41 2.7011840560827467e-65 2.7313973085008923e+41
4.232169234984348e+26 2.4184706787123097e+41 2.7011840560827467e-65 2.4184706787123097e+41
4.72780132713986e+26 2.109237668736395e+41 2.7011840560827467e-65 2.109237668736395e+41
5.2814772160188116e+26 1.835790242553372e+41 2.7011840560827467e-65 1.835790242553372e+41
5.8999944484131705e+26 1.5977932997343075e+41 2.7011840560827467e-65 1.5977932997343075e+41
6.590946636241674e+26 1.3906509412126394e+41 2.7011840560827467e-65 1.3906509412126394e+41
7.362816684254505e+26 1.2060733912859513e+41 2.7011840560827467e-65 1.2060733912859513e+41
8.225080935695373e+26 1.0313476103013433e+41 2.7011840560827467e-65 1.0313476103013433e+41
9.188325514529467e+26 8.808652963923438e+40 2.7011840560827467e-65 8.808652963923438e+40
1.0264376292586064e+27 7.523396211308936e+40 2.7011840560827467e-65 7.523396211308936e+40
1.1466444077237091e+27 6.425669257734887e+40 2.7011840560827467e-65 6.425669257734887e+40
1.2809286802099593e+27 5.455132371361844e+40 2.7011840560827467e-65 5.455132371361844e+40
1.4309390711996306e+27 4.568621600564374e+40 2.7011840560827467e-65 4.568621600564374e+40
1.598517276660585e+27 3.824241630632297e+40 2.7011840560827467e-65 3.824241630632297e+40
1.7857206747735024e+27 3.20114584400129e+40 2.7011840560827467e-65 3.20114584400129e+40
1.994847584616137e+27 2.679573025011091e+40 2.7011840560827467e-65 2.679573025011091e+40
2.2284654829085237e+27 2.22389248728092e+40 2.7011840560827467e-65 2.22389248728092e+40
2.489442525239483e+27 1.8244424031195698e+40 2.7011840560827467e-65 1.8244424031195698e+40
2.780982758764645e+27 1.4967405579801453e+40 2.7011840560827467e-65 1.4967405579801453e+40
3.1066654586862673e+27 1.227899710109893e+40 2.7011840560827467e-65 1.227899710109893e+40
3.4704890714539045e+27 1.0073473923380791e+40 2.7011840560827467e-65 1.0073473923380791e+40
3.876920304181747e+27 8.167854269717234e+39 2.7011840560827467e-65 8.167854269717234e+39
4.330948962959823e+27 6.565591042249997e+39 2.7011840560827467e-65 6.565591042249997e+39
4.838149213315232e+27 5.27763893803722e+39 2.7011840560827467e-65 5.27763893803722e+39
5.404748014926015e+27 4.2423404962397774e+39 2.7011840560827467e-65 4.2423404962397774e+39
6.037701570768646e+27 3.4101334133194025e+39 2.7011840560827467e-65 3.4101334133194025e+39
6.744780729275347e+27 2.7002130891107188e+39 2.7011840560827467e-65 2.7002130891107188e+39
7.534666387993169e+27 2.125917069019496e+39 2.7011840560827467e-65 2.125917069019496e+39
8.417056070027935e+27 1.6737654530208744e+39 2.7011840560827467e-65 1.6737654530208744e+39
9.402782981724466e+27 1.3177799042830524e+39 2.7011840560827467e-65 1.3177799042830524e+39
1.0503949013269887e+28 1.0375073000808447e+39 2.7011840560827467e-65 1.0375073000808447e+39
1.1734073315083404e+28 8.01596230331462e+38 2.7011840560827467e-65 8.01596230331462e+38
1.3108258274084094e+28 6.176695101849427e+38 2.7011840560827467e-65 6.176695101849427e+38
1.4643374927547416e+28 4.759448826927992e+38 2.7011840560827467e-65 4.759448826927992e+38
1.6358270090898492e+28 3.6673905320928376e+38 2.7011840560827467e-65 3.6673905320928376e+38
1.8273997742377187e+28 2.8196151625480952e+38 2.7011840560827467e-65 2.8196151625480952e+38
2.0414077505310627e+28 2.1197165338792112e+38 2.7011840560827467e-65 2.1197165338792112e+38
2.280478340141359e+28 1.5910786206215223e+38 2.7011840560827467e-65 1.5910786206215223e+38
2.54754664201747e+28 1.1942781671689333e+38 2.7011840560827467e-65 1.1942781671689333e+38
2.8458914864555105e+28 8.96436117040665e+37 2.7011840560827467e-65 8.96436117040665e+37
3.1791756897004498e+28 6.663291724679125e+37 2.7011840560827467e-65 6.663291724679125e+37
3.5514910227904146e+28 4.780779572424261e+37 2.7011840560827467e-65 4.780779572424261e+37
3.967408446731435e+28 3.424800894997921e+37 2.7011840560827467e-65 3.424800894997921e+37
4.432034230746478e+28 2.4534201990892097e+37 2.7011840560827467e-65 2.4534201990892097e+37
4.951072642568837e+28 1.7575534630612565e+37 2.7011840560827467e-65 1.7575534630612565e+37
5.530895980436746e+28 1.187069748929153e+37 2.7011840560827467e-65 1.187069748929153e+37
6.178622806580197e+28 7.164956517728866e+36 2.7011840560827467e-65 7.164956517728866e+36
6.902205342682733e+28 4.315030242780518e+36 2.7011840560827467e-65 4.315030242780518e+36
7.710527100282164e+28 2.598687926442897e+36 2.7011840560827467e-65 2.598687926442897e+36
8.613511944731267e+28 1.56503629385656e+36 2.7011840560827467e-65 1.56503629385656e+36
9.622245931709877e+28 2.7011840560827467e-65 2.7011840560827467e-65 2.7011840560827467e-65
1.0749113412089796e+29 2.7011840560827467e-65 2.7011840560827467e-65 2.7011840560827467e-65
1.200794907612974e+29 2.7011840560827467e-65 2.7011840560827467e-65 2.7011840560827467e-65
1.3414207803664067e+29 2.7011840560827467e-65 2.7011840560827467e-65 2.7011840560827467e-65
1.4985154405558145e+29 2.7011840560827467e-65 2.7011840560827467e-65 2.7011840560827467e-65
1.6740075585908257e+29 2.7011840560827467e-65 2.7011840560827467e-65 2.7011840560827467e-65
1.870051672727386e+29 2.7011840560827467e-65 2.7011840560827467e-65 2.7011840560827467e-65
2.0890546405981206e+29 2.7011840560827467e-65 2.7011840560827467e-65 2.7011840560827467e-65
2.3337051884987023e+29 2.7011840560827467e-65 2.7011840560827467e-65 2.7011840560827467e-65
2.6070069212102637e+29 2.7011840560827467e-65 2.7011840560827467e-65 2.7011840560827467e-65
2.9123151976237705e+29 2.7011840560827467e-65 2.7011840560827467e-65 2.7011840560827467e-65
3.253378324892569e+29 2.7011840560827467e-65 2.7011840560827467e-65 2.7011840560827467e-65
3.634383576859055e+29 2.7011840560827467e-65 2.7011840560827467e-65 2.7011840560827467e-65
4.060008601729061e+29 2.7011840560827467e-65 2.7011840560827467e-65 2.7011840560827467e-65
4.535478850132724e+29 2.7011840560827467e-65 2.7011840560827467e-65 2.7011840560827467e-65
5.066631728622628e+29 2.7011840560827467e-65 2.7011840560827467e-65 2.7011840560827467e-65
5.65998826623004e+29 2.7011840560827467e-65 2.7011840560827467e-65 2.7011840560827467e-65
6.3228331739378995e+29 2.7011840560827467e-65 2.7011840560827467e-65 2.7011840560827467e-65
7.063304279971235e+29 2.7011840560827467e-65 2.7011840560827467e-65 2.7011840560827467e-65
7.89049243891216e+29 2.7011840560827467e-65 2.7011840560827467e-65 2.7011840560827467e-65
8.814553141236539e+29 2.7011840560827467e-65 2.7011840560827467e-65 2.7011840560827467e-65
9.846831193516152e+29 2.7011840560827467e-65 2.7011840560827467e-65 2.7011840560827467e-65
1.1000000000000001e+30 2.7011840560827467e-65 2.7011840560827467e-65 2.7011840560827467e-65
